[purrr-names-prefix.PNG]
filters=crop64=1,267ffffc18b;
crop=rect64(267ffffc18b)
moddate=6520352c183ad401
width=418
height=746
textactive=0
[purrr-rmd.PNG]
moddate=c1350e9f223ad401
width=1055
height=797
text=2;155;34;all files that start with “bk”;Arial;0.466100,0.041715,0.050000,0.000000;v1,4291768621,4286611584,128.000000,1.000000,0.000000,1.000000,400,0,49152;;141;20;prints bulleted list;Arial;0.466457,0.229441,0.050000,0.000000;v1,4281546451,4286611584,128.000000,1.000000,0.000000,1.000000,400,0,49152;;
textactive=1
[purrr-names-close.1.jpg]
moddate=805f7acf183dd401
width=907
height=143
text=3;127;6;prefix;Arial;0.137817,-0.013975,0.266667,0.000000;v1,4282820388,4293454056,128.000000,1.000000,0.028037,1.000000,400,0,49152;;125;5;title;Arial;0.582138,0.013990,0.266667,0.000000;v1,4282820388,4293454056,128.000000,1.000000,0.000000,1.000000,400,0,49152;;123;2;|&#010;;Arial;0.283352,-0.034949,0.266667,0.000000;v1,4282820388,4293454056,128.000000,1.000000,0.000000,1.000000,400,0,49152;;
textactive=1
