[purrr-names-prefix.PNG.jpg]
backuphash=30856
[purrr-x.PNG]
text=5;150;27;get file names &&#010;extensions;Arial;0.627718,0.086420,0.050000,0.000000;v1,4282820388,4286611584,128.000000,1.000000,0.000000,1.000000,400,256,49152;;160;37;check for Rmd &&#010;html versions of file;Arial;0.770425,0.302733,0.050000,0.000000;v1,4282820388,4286611584,128.000000,1.000000,0.000000,1.000000,400,256,49152;;150;27;get title, comment&#010;from yml;Arial;0.712816,0.520256,0.050000,0.000000;v1,4282820388,4286611584,128.000000,1.000000,0.000000,1.000000,400,256,49152;;138;15;build html link;Arial;0.753918,0.774119,0.050000,0.000000;v1,4282820388,4286611584,128.000000,1.000000,0.000000,1.000000,400,256,49152;;134;11;add bullets;Arial;0.653550,0.888277,0.050000,0.000000;v1,4282820388,4286611584,128.000000,1.000000,0.000000,1.000000,400,256,49152;;
backuphash=1997
textactive=1
[purrr-rmd.PNG.jpg]
backuphash=48563
[purrr-names-close.PNG]
backuphash=20949
text=2;121;1;o;Arial;0.443309,0.286828,0.337463,1.570796;v1,4294955348,4294955348,128.000000,1.000000,0.028037,1.000000,400,0,49152;;121;1;o;Arial;0.610796,0.229935,0.256394,1.570796;v1,4294955348,4294955348,128.000000,1.000000,0.000000,1.000000,400,0,49152;;
textactive=1
